     69 20
     60 1
     47 08
     38 08,
     34 5
     29 2
     25 3
     24 12
     18 6
     18 31
     18 30
     17 2025
     14 19
     14 15
     13 21
     13 10
     12 100%
     12 0
     10 4
      7 2024
      7 2%
      7 11
      7 01
      6 35
      6 2025.
      6 200
      6 1.
      6 06
      6 014
      6 012
      6 011
      6 010
      5 58%
      5 5.5
      5 40%
      5 3,
      5 2.
      5 100
      5 029
      5 024
      5 017
      5 009
      5 006
      4 854
      4 70
      4 60
      4 6.
      4 4.
      4 3.
      4 24
      4 2025,
      4 1.000
      4 05
      4 032
      4 031
      4 018
      4 008
      4 007
      4 005
      4 003
      4 0,
      3 98%
      3 975
      3 97%
      3 93%
      3 8,2%
      3 8
      3 64%
      3 580
      3 500
      3 5.
      3 492
      3 406
      3 36.598
      3 36.594
      3 36
      3 3%
      3 28%
      3 252
      3 2021
      3 194
      3 10,3%
      3 1.801
      3 1.046
      3 1,
      3 09
      3 046
      3 045
      3 044
      3 043
      3 042
      3 041
      3 040
      3 039
      3 038
      3 037
      3 036
      3 035
      3 034
      3 033
      3 030
      3 028
      3 027
      3 026
      3 025
      3 023
      3 022
      3 021
      3 020
      3 019
      3 016
      3 015
      3 013
      3 004
      3 002
      3 001
      3 00068305000135
      3 0%
      2 99%
      2 98
      2 97
      2 92
      2 89.749
      2 88.617
      2 83,2
      2 79
      2 74%
      2 7,4
      2 66,9
      2 66%
      2 64
      2 61%
      2 6%
      2 55
      2 520
      2 51%
      2 502
      2 42%
      2 3.14
      2 3.12
      2 3,39%
      2 278
      2 27
      2 25
      2 232
      2 218
      2 214
      2 2026.
      2 1994
      2 175
      2 14,3242%
      2 14
      2 130
      2 117
      2 11%
      2 10,
      2 1,5
      2 03,
      2 03
      2 00
      2 0,99
      2 0,19%
      2 0,062%
      2 0,00%
      1 99
      1 975,
      1 94
      1 924
      1 92%
      1 91,8%
      1 91%
      1 9.
      1 89,9
      1 871
      1 86,8,
      1 84%
      1 84
      1 82%
      1 8.
      1 8%
      1 787
      1 784
      1 743
      1 724
      1 72
      1 71
      1 703
      1 7.759
      1 7.
      1 7,43%
      1 7,36%
      1 7,16%
      1 7,13%
      1 69
      1 68
      1 63
      1 6,3
      1 6,
      1 59%
      1 588
      1 559.
      1 51
      1 5.5.
      1 5,3%
      1 5,
      1 5%
      1 45%
      1 44%
      1 44
      1 42592315000115
      1 412
      1 409
      1 4,4
      1 4%
      1 37%
      1 31%
      1 30,
      1 3.12.14
      1 3,59%
      1 3,49%
      1 3,32%
      1 3,17%
      1 29
      1 288
      1 273,
      1 26
      1 257
      1 256
      1 245
      1 22%
      1 22
      1 2026,
      1 2026
      1 2024.
      1 2024,
      1 2023,
      1 2023
      1 2020,
      1 2000
      1 200,
      1 20,
      1 2,74%
      1 2,7
      1 1994.
      1 19,7%
      1 175.
      1 17,
      1 161
      1 15.
      1 15,39%
      1 141.715
      1 14.
      1 13.590
      1 13.
      1 13,75%
      1 13
      1 12.
      1 12,
      1 11.
      1 11,5%
      1 11,
      1 10.
      1 10,93%
      1 10,90%
      1 10,69%
      1 10,66%
      1 10%
      1 1.714
      1 1.7069.
      1 1.704814.
      1 1.369
      1 1.003.
      1 1.003,
      1 1.003
      1 1,7069
      1 1,704814.
      1 1,3
      1 1,09%
      1 1%
      1 09,
      1 030,
      1 017,
      1 008,
      1 002,
      1 001,
      1 00089915000115
      1 0.035903629100
      1 0.031724441185
      1 0.027386613839
      1 0,999,
      1 0,55%
      1 0,5
      1 0,15%
      1 0,10%
      1 0,036%
      1 0,02%
      1 0,0001%
